5 650 49 0.01603464
6 800 49 0.012786079999999988
7 900 59 0.018106559999999973
8 1050 55 0.017064119999999995
9 1300 54 0.018361219999999977
10 1750 57 0.024582300000000057
11 2050 54 0.028157420000000054
12 2200 65 0.037773399999999846
13 2450 64 0.04627801999999992
14 2500 64 0.048776819999999964
15 2500 63 0.07015532000000028
16 2800 66 0.0722388200000001
17 3150 76 0.09058926000000014
18 3150 69 0.09652941999999953
19 3300 71 0.11371472000000012
20 3650 95 0.19100573999999995
21 3650 79 0.21226814000000047
22 3900 81 0.17464681999999954
23 3850 66 0.17425656000000062
24 3950 103 0.3673394200000004
25 3950 117 0.499500759999998
26 3900 97 0.37609582000000047
27 4050 81 0.38646571999999824
28 4250 78 0.38237245999999914
29 4250 101 0.49522929999999976
30 4450 97 0.6942694200000006
31 4550 107 0.5852629399999956
32 4450 112 0.797141160000001
33 4500 115 0.7506375000000048
34 4550 86 0.6510497800000052
35 4950 108 0.8522701600000004
36 4950 95 0.7895551800000021
37 5200 98 0.8835178600000063
38 5600 113 1.2056785800000056
39 5650 124 1.2466233200000034
40 5650 125 1.4119492400000013
41 5650 116 1.2353602399999999
42 5650 145 1.9759073599999966
43 5600 100 1.415589439999985
44 5750 115 1.568898880000006
45 5950 130 1.8239751999999954
46 5950 117 1.6756529999999885
47 5900 114 1.9318981200000054
48 6250 117 2.0326868200000034
49 6250 106 2.174941059999992
50 6250 124 2.195329779999997
