5 650 55 0.02148812
6 800 59 0.03936499999999998
7 900 59 0.02890208000000003
8 1050 55 0.03014774
9 1300 55 0.035915300000000004
10 1750 60 0.04134783999999998
11 2050 63 0.05319237999999995
12 2200 68 0.06691061999999999
13 2450 73 0.08527761999999992
14 2500 57 0.08336368000000008
15 2500 67 0.11860607999999999
16 2700 73 0.14626531999999984
17 3150 68 0.17295890000000008
18 3150 72 0.18556601999999955
19 3300 66 0.21326523999999977
20 3550 112 0.4760050000000007
21 3650 92 0.3761424599999998
22 3900 84 0.3889409999999998
23 3950 96 0.5196552600000004
24 3950 72 0.47435952000000015
25 3950 96 0.7158179200000007
26 3750 89 0.6792152799999996
27 4250 77 0.6758155200000004
28 4250 90 0.8357078000000001
29 4250 85 0.7432300200000015
30 4500 75 0.8334374799999977
31 4500 94 1.055493439999998
32 4450 117 1.4193153199999984
33 4500 100 1.335230740000003
34 4500 108 1.700459539999997
35 4850 124 2.4943551400000046
36 4900 110 1.8339981999999964
37 5200 95 1.540318759999991
38 5600 124 2.3533758600000056
39 5550 112 2.3395551400000043
40 5650 103 2.285939520000011
41 5650 97 2.351395180000009
42 5600 111 2.395796580000001
43 5750 130 3.255998239999985
44 5750 127 3.3425202000000125
45 5950 109 3.4050390000000106
46 5900 109 3.1132580799999916
47 5950 116 3.724422340000001
48 6250 113 3.657621560000007
49 6250 110 3.6033427200000006
50 6250 115 4.450180939999996
