5 650 54 0.00812866
6 800 57 0.015059600000000017
7 900 55 0.009650639999999999
8 1050 59 0.01311580000000001
9 1300 63 0.015652019999999923
10 1750 61 0.014798959999999983
11 2050 70 0.02087405999999987
12 2200 57 0.016629420000000117
13 2450 75 0.029755420000000043
14 2500 64 0.028932800000000113
15 2500 66 0.03601963999999995
16 2800 82 0.06664827999999971
17 3150 71 0.048977959999999855
18 3150 95 0.07247514000000024
19 3300 77 0.09383952000000022
20 3650 87 0.11617723999999967
21 3650 84 0.08995796000000097
22 3900 78 0.11296219999999976
23 3850 71 0.11665610000000015
24 3950 95 0.19757821999999975
25 3900 72 0.1444279999999992
26 3950 112 0.2479244599999987
27 4250 99 0.24642809999999998
28 4250 79 0.22369879999999967
29 4150 93 0.2631742399999979
30 4450 93 0.32321190000000116
31 4500 108 0.35451239999999873
32 4500 81 0.3473538200000007
33 4450 102 0.3972715600000015
34 4550 115 0.48759814000000007
35 4950 109 0.4545753800000057
36 4900 130 0.6393434399999933
37 5200 108 0.539661359999991
38 5600 143 0.7592271600000003
39 5650 109 0.6028074200000105
40 5650 111 0.6295012400000018
41 5650 132 0.7972482399999989
42 5600 118 0.7981309400000101
43 5700 123 0.8675170199999911
44 5750 118 0.8648251599999867
45 5950 125 0.9469712600000093
46 5950 150 1.26459233999999
47 5950 109 0.8788079200000084
48 6250 106 0.9967758600000025
49 6250 123 1.1335041000000046
50 6250 99 0.9316150600000128
