5 650 49 0.02434646
6 800 49 0.022165179999999986
7 900 49 0.033045820000000024
8 1050 55 0.029702420000000007
9 1300 54 0.03742212
10 1750 58 0.05004356000000003
11 2050 53 0.04683882000000006
12 2200 57 0.0580948600000001
13 2450 64 0.07419987999999993
14 2500 49 0.07172520000000002
15 2500 57 0.10008396000000026
16 2800 77 0.16763808000000005
17 3150 66 0.15565767999999985
18 3150 69 0.17751108000000002
19 3300 82 0.2789122599999999
20 3650 119 0.48436552000000005
21 3650 91 0.39880276000000026
22 3900 68 0.3249646200000001
23 3950 112 0.6966072800000006
24 3950 94 0.6685102799999996
25 3950 133 1.06843846
26 3950 99 0.7624831400000005
27 4250 102 0.8379063000000002
28 4250 108 0.9970270600000021
29 4250 96 0.9297444600000005
30 4500 99 0.9943682000000024
31 4550 90 0.9807011399999965
32 4550 87 0.9776836000000003
33 4500 93 1.4852825600000017
34 4600 109 1.5656789000000004
35 4950 113 1.7349040400000035
36 4950 118 1.9333875400000011
37 5200 94 1.593839659999992
38 5600 93 1.7084601000000021
39 5650 121 2.7187591999999996
40 5650 112 2.4072468399999933
41 5650 136 3.121130119999998
42 5650 112 2.6407060799999953
43 5750 102 2.6131845200000043
44 5750 98 2.357408979999991
45 5950 117 3.18690317999999
46 5950 109 3.142890299999999
47 5950 114 3.5205764199999976
48 6250 114 3.7205747199999903
49 6250 110 3.942351540000004
50 6250 108 3.8984135400000013
