1 100
2 600
3 1350
4 1700
5 2500
6 2900
7 3300
8 3300
9 3300
10 3300
11 3300
12 4050
13 4050
14 4050
15 4050
16 4150
17 4150
18 4350
19 4500
20 4650
21 4750
22 5000
23 5150
24 5150
25 5150
26 5150
27 5200
28 5200
29 5300
30 5700
31 5700
32 5700
33 5700
34 5700
35 5700
36 5850
37 5850
38 5850
39 5850
40 5850
41 5950
42 5950
43 5950
44 5950
45 5950
46 5950
47 5950
48 6000
49 6000
50 6050
51 6050
52 6050
53 6250
54 6250
55 6250
56 6250
57 6250
58 6250
59 6250
60 6250
61 6250
62 6250
63 6250
64 6250
65 6250
66 6250
67 6250
68 6250
69 6250
70 6250
71 6250
72 6250
73 6250
74 6250
75 6250
76 6250
77 6250
78 6250
79 6250
80 6250
81 6250
82 6250
83 6250
84 6250
85 6250
86 6250
87 6250
88 6250
89 6250
90 6250
91 6250
92 6250
93 6250
94 6250
95 6250
96 6250
97 6250
98 6250
99 6250
100 6250
101 6250
102 6250
