5 650 51 0.014064679999999996
6 800 49 0.013429499999999983
7 900 57 0.01620109999999997
8 1050 53 0.016035259999999996
9 1300 55 0.018653040000000055
10 1750 55 0.022100760000000007
11 2050 59 0.03056751999999996
12 2200 57 0.031176840000000004
13 2450 84 0.053529280000000054
14 2500 57 0.04195916000000004
15 2500 65 0.060069740000000135
16 2800 89 0.0954345
17 3150 81 0.09590825999999986
18 3150 66 0.09366929999999982
19 3400 69 0.1083942399999998
20 3500 93 0.17946043999999972
21 3650 76 0.16696724000000102
22 3900 77 0.19338881999999985
23 3950 73 0.19892386000000073
24 3900 88 0.34786313999999974
25 3750 85 0.3265013199999999
26 3750 102 0.42662014
27 4250 101 0.43969138000000213
28 4150 90 0.43253726000000087
29 4250 94 0.47607373999999825
30 4450 88 0.6239781799999946
31 4550 96 0.5499453799999969
32 4550 87 0.5900066199999969
33 4550 97 0.5942956600000002
34 4600 105 0.7476221399999986
35 4950 97 0.934051199999999
36 4950 102 0.8833156599999938
37 5150 134 1.2692050600000016
38 5600 114 1.1160410599999977
39 5600 108 1.0978607199999941
40 5650 104 1.275364280000008
41 5650 119 1.3424016000000052
42 5650 118 1.3796400800000015
43 5600 105 1.5248800599999868
44 5750 104 1.4920231000000057
45 5900 110 1.638008680000007
46 5950 133 1.9598855400000048
47 5950 120 1.8900855399999954
48 6250 111 1.9407309599999962
49 6250 108 1.906488319999994
50 6250 122 2.108777480000003
