12 12 18 100
28 14 7 200
3 6 9 150
4 2 1 50
16 16 24 150
20 20 30 150
9 18 27 200
16 8 4 200
4 2 1 250
8 4 2 450
1 2 3 350
28 14 7 350
9 18 27 350
1 2 3 150
10 20 30 100
20 10 5 350
6 6 9 500
12 6 3 50
20 20 30 500
12 6 3 400
8 4 2 150
3 6 9 400
8 4 2 100
12 6 3 50
32 16 8 150
36 18 9 200
4 4 6 400
14 14 21 350
40 20 10 150
5 10 15 400
14 14 21 400
20 20 30 50
20 20 30 450
7 14 21 400
2 4 6 400
32 16 8 450
4 4 6 450
2 2 3 400
7 14 21 450
16 16 24 100
8 8 12 300
20 20 30 400
20 10 5 400
16 16 24 350
2 2 3 300
7 14 21 450
20 20 30 350
1 2 3 400
4 8 12 250
10 10 15 150
12 12 18 50
8 8 12 150
16 8 4 450
9 18 27 500
4 4 6 350
8 8 12 300
6 12 18 400
8 16 24 500
4 2 1 100
28 14 7 450
6 6 9 500
9 18 27 450
8 4 2 350
18 18 27 450
20 10 5 200
24 12 6 500
10 20 30 50
12 6 3 350
5 10 15 500
4 4 6 300
4 4 6 50
2 2 3 250
32 16 8 100
6 12 18 500
4 4 6 250
10 20 30 100
12 12 18 100
8 8 12 500
8 4 2 100
2 2 3 150
24 12 6 50
12 12 18 500
8 16 24 250
4 8 12 150
36 18 9 250
20 10 5 300
36 18 9 200
5 10 15 150
9 18 27 50
6 6 9 450
9 18 27 350
28 14 7 200
32 16 8 400
4 8 12 300
18 18 27 100
16 8 4 350
20 10 5 400
12 6 3 300
18 18 27 450
12 6 3 500
